Samples	SBS96A	SBS96B	SBS96C
SP.Syn.Abst.1	2548	2654	1590
SP.Syn.Abst.2	3434	1331	514
SP.Syn.Abst.3	3126	1783	675
SP.Syn.Abst.4	1313	2748	820
SP.Syn.Abst.5	4284	2960	869
SP.Syn.Abst.6	2803	5333	1012
SP.Syn.Abst.7	3363	3680	717
SP.Syn.Abst.8	2475	2191	588
SP.Syn.Abst.9	166	1404	2728
SP.Syn.Abst.10	5534	5757	1089
SP.Syn.Abst.11	4103	3994	1122
SP.Syn.Abst.12	1863	3733	3788
SP.Syn.Abst.13	6395	5266	803
SP.Syn.Abst.14	6796	6072	751
SP.Syn.Abst.15	3110	2992	1894
SP.Syn.Abst.16	2013	5326	467
SP.Syn.Abst.17	6788	4011	7234
SP.Syn.Abst.18	3156	7429	1412
SP.Syn.Abst.19	4659	5455	1001
SP.Syn.Abst.20	2473	2258	816
SP.Syn.Abst.21	5136	2516	343
SP.Syn.Abst.22	5212	3123	933
SP.Syn.Abst.23	3593	2973	601
SP.Syn.Abst.24	8818	2767	1231
SP.Syn.Abst.25	3467	5859	938
SP.Syn.Abst.26	1266	7627	356
SP.Syn.Abst.27	3602	2516	1676
SP.Syn.Abst.28	4343	1915	439
SP.Syn.Abst.29	2083	2125	5261
SP.Syn.Abst.30	577	6798	183
SP.Syn.Abst.31	4182	15355	960
SP.Syn.Abst.32	6539	10159	1204
SP.Syn.Abst.33	2964	5733	142
SP.Syn.Abst.34	11362	9442	814
SP.Syn.Abst.35	5026	3223	2475
SP.Syn.Abst.36	6090	5725	3270
SP.Syn.Abst.37	3255	4118	161
SP.Syn.Abst.38	5805	3956	1081
SP.Syn.Abst.39	4514	5992	712
SP.Syn.Abst.40	3187	5981	1048
SP.Syn.Abst.41	3372	4040	619
SP.Syn.Abst.42	1912	9	858
SP.Syn.Abst.43	4474	4818	502
SP.Syn.Abst.44	7072	3596	1197
SP.Syn.Abst.45	10135	5152	1808
SP.Syn.Abst.46	2766	2751	999
SP.Syn.Abst.47	3144	4417	656
SP.Syn.Abst.48	3691	4379	1803
SP.Syn.Abst.49	1426	2606	1575
SP.Syn.Abst.50	4285	3843	478
SP.Syn.Abst.51	1955	5004	607
SP.Syn.Abst.52	5003	5759	1441
SP.Syn.Abst.53	5053	1891	3470
SP.Syn.Abst.54	4679	2495	1056
SP.Syn.Abst.55	2455	5001	4539
SP.Syn.Abst.56	3830	7399	285
SP.Syn.Abst.57	7971	2542	1523
SP.Syn.Abst.58	2777	6793	1414
SP.Syn.Abst.59	984	10182	5744
SP.Syn.Abst.60	5734	3123	1745
SP.Syn.Abst.61	4447	8760	1567
SP.Syn.Abst.62	6395	5495	3003
SP.Syn.Abst.63	6186	3143	336
SP.Syn.Abst.64	2837	7859	839
SP.Syn.Abst.65	3095	1653	644
SP.Syn.Abst.66	3558	2107	194
SP.Syn.Abst.67	5461	2505	899
SP.Syn.Abst.68	4774	16320	680
SP.Syn.Abst.69	7024	6399	919
SP.Syn.Abst.70	4203	2221	228
SP.Syn.Abst.71	4008	6699	1924
SP.Syn.Abst.72	13058	4371	1028
SP.Syn.Abst.73	2822	2313	764
SP.Syn.Abst.74	2893	3906	2663
SP.Syn.Abst.75	5361	2716	1084
SP.Syn.Abst.76	1879	5805	605
SP.Syn.Abst.77	2767	5428	570
SP.Syn.Abst.78	3577	5660	693
SP.Syn.Abst.79	8706	5475	1766
SP.Syn.Abst.80	4745	8172	221
SP.Syn.Abst.81	3245	2438	1432
SP.Syn.Abst.82	470	5477	350
SP.Syn.Abst.83	5003	4024	853
SP.Syn.Abst.84	3455	2817	1625
SP.Syn.Abst.85	3223	4877	4412
SP.Syn.Abst.86	4634	4894	1040
SP.Syn.Abst.87	8185	2907	1399
SP.Syn.Abst.88	9825	6098	840
SP.Syn.Abst.89	11399	2603	643
SP.Syn.Abst.90	796	3572	1501
SP.Syn.Abst.91	2253	1873	1552
SP.Syn.Abst.92	2507	2920	282
SP.Syn.Abst.93	2038	1861	650
SP.Syn.Abst.94	3875	2139	1038
SP.Syn.Abst.95	9053	10154	1300
SP.Syn.Abst.96	2959	2645	2214
SP.Syn.Abst.97	4299	3348	227
SP.Syn.Abst.98	5456	7125	495
SP.Syn.Abst.99	4985	4800	823
SP.Syn.Abst.100	7449	4068	824
SP.Syn.Abst.101	2731	921	3222
SP.Syn.Abst.102	1799	3283	1881
SP.Syn.Abst.103	4815	4019	663
SP.Syn.Abst.104	4116	3049	212
SP.Syn.Abst.105	7117	4342	1676
SP.Syn.Abst.106	239	2610	848
SP.Syn.Abst.107	3360	3900	472
SP.Syn.Abst.108	223	2463	571
SP.Syn.Abst.109	2917	3263	145
SP.Syn.Abst.110	2465	8222	709
SP.Syn.Abst.111	4174	4625	699
SP.Syn.Abst.112	3530	4001	1741
SP.Syn.Abst.113	1825	4813	1209
SP.Syn.Abst.114	3936	2389	717
SP.Syn.Abst.115	3960	4132	1390
SP.Syn.Abst.116	2127	4010	638
SP.Syn.Abst.117	6816	4557	1181
SP.Syn.Abst.118	1807	3784	594
SP.Syn.Abst.119	4255	3962	2127
SP.Syn.Abst.120	2874	3806	668
SP.Syn.Abst.121	9062	8971	1197
SP.Syn.Abst.122	358	3730	1902
SP.Syn.Abst.123	3387	2194	4632
SP.Syn.Abst.124	3002	7141	725
SP.Syn.Abst.125	11805	8451	1038
SP.Syn.Abst.126	7058	5697	459
SP.Syn.Abst.127	7372	4465	803
SP.Syn.Abst.128	1810	3940	253
SP.Syn.Abst.129	2017	2510	1899
SP.Syn.Abst.130	2710	4310	511
SP.Syn.Abst.131	1421	4282	833
SP.Syn.Abst.132	6363	6370	1182
SP.Syn.Abst.133	3545	2091	684
SP.Syn.Abst.134	6170	3357	947
SP.Syn.Abst.135	5161	9536	654
SP.Syn.Abst.136	2833	7346	553
SP.Syn.Abst.137	957	1234	543
SP.Syn.Abst.138	8501	5729	2221
SP.Syn.Abst.139	5878	4707	824
SP.Syn.Abst.140	329	3652	932
SP.Syn.Abst.141	2975	3618	692
SP.Syn.Abst.142	5698	3636	706
SP.Syn.Abst.143	6807	2526	1311
SP.Syn.Abst.144	3480	2559	182
SP.Syn.Abst.145	4358	3801	1415
SP.Syn.Abst.146	4403	3387	704
SP.Syn.Abst.147	3981	6767	363
SP.Syn.Abst.148	4031	3434	779
SP.Syn.Abst.149	5318	4601	1488
SP.Syn.Abst.150	6101	3309	322
SP.Syn.Abst.151	3156	6149	1485
SP.Syn.Abst.152	9507	3561	1425
SP.Syn.Abst.153	334	3692	949
SP.Syn.Abst.154	20033	14726	6196
SP.Syn.Abst.155	3673	6429	1494
SP.Syn.Abst.156	2661	3406	1548
SP.Syn.Abst.157	3229	3373	484
SP.Syn.Abst.158	3438	7944	1455
SP.Syn.Abst.159	9399	4041	1240
SP.Syn.Abst.160	2039	2505	2612
SP.Syn.Abst.161	7069	2108	2366
SP.Syn.Abst.162	2220	1460	3039
SP.Syn.Abst.163	7647	4758	691
SP.Syn.Abst.164	4241	5850	209
SP.Syn.Abst.165	2749	3158	728
SP.Syn.Abst.166	8715	2437	485
SP.Syn.Abst.167	3477	5699	535
SP.Syn.Abst.168	3006	3433	1120
SP.Syn.Abst.169	279	3041	1048
SP.Syn.Abst.170	2571	2539	275
SP.Syn.Abst.171	2631	3923	935
SP.Syn.Abst.172	2244	2591	764
SP.Syn.Abst.173	2976	5258	468
SP.Syn.Abst.174	606	6865	1021
SP.Syn.Abst.175	2084	2535	2031
SP.Syn.Abst.176	216	2389	803
SP.Syn.Abst.177	3156	6706	1220
SP.Syn.Abst.178	417	4905	99
SP.Syn.Abst.179	3276	5012	1086
SP.Syn.Abst.180	5587	5494	1338
SP.Syn.Abst.181	2464	2583	1070
SP.Syn.Abst.182	1304	3913	807
SP.Syn.Abst.183	3948	6654	192
SP.Syn.Abst.184	150	1644	666
SP.Syn.Abst.185	4423	5655	829
SP.Syn.Abst.186	2534	2207	127
SP.Syn.Abst.187	4845	5077	433
SP.Syn.Abst.188	2701	2175	1817
SP.Syn.Abst.189	1922	1696	382
SP.Syn.Abst.190	5426	8229	948
SP.Syn.Abst.191	3293	4217	777
SP.Syn.Abst.192	4809	3306	580
SP.Syn.Abst.193	2932	3106	1810
SP.Syn.Abst.194	2957	2448	629
SP.Syn.Abst.195	657	7732	373
SP.Syn.Abst.196	6320	9577	820
SP.Syn.Abst.197	5939	4213	2046
SP.Syn.Abst.198	2785	5553	130
SP.Syn.Abst.199	2150	2573	469
SP.Syn.Abst.200	2093	3762	100
SP.Syn.Abst.201	3564	2901	609
SP.Syn.Abst.202	1635	2197	2329
SP.Syn.Abst.203	4453	5720	219
SP.Syn.Abst.204	3466	2935	3143
SP.Syn.Abst.205	3145	1969	557
SP.Syn.Abst.206	3809	4986	580
SP.Syn.Abst.207	4474	6558	1448
SP.Syn.Abst.208	6077	3364	698
SP.Syn.Abst.209	2631	3865	1310
SP.Syn.Abst.210	1321	6115	1807
SP.Syn.Abst.211	12468	2756	1970
SP.Syn.Abst.212	1797	5636	781
SP.Syn.Abst.213	3683	8139	657
SP.Syn.Abst.214	1989	2667	104
SP.Syn.Abst.215	6804	3507	877
SP.Syn.Abst.216	4229	6134	749
SP.Syn.Abst.217	1591	6601	3012
SP.Syn.Abst.218	4273	7481	205
SP.Syn.Abst.219	6674	246	1824
SP.Syn.Abst.220	12877	2917	1268
SP.Syn.Abst.221	4144	4540	1283
SP.Syn.Abst.222	1280	3024	2074
SP.Syn.Abst.223	1818	1278	1544
SP.Syn.Abst.224	4117	2739	974
SP.Syn.Abst.225	4335	2704	1126
SP.Syn.Abst.226	4678	5101	955
SP.Syn.Abst.227	5478	2662	973
SP.Syn.Abst.228	353	3662	2280
SP.Syn.Abst.229	2558	5177	1003
SP.Syn.Abst.230	3323	8263	340
SP.Syn.Abst.231	2453	2777	983
SP.Syn.Abst.232	3026	5671	758
SP.Syn.Abst.233	3788	3281	737
SP.Syn.Abst.234	4828	5621	764
SP.Syn.Abst.235	9244	3190	2859
SP.Syn.Abst.236	5155	9182	1727
SP.Syn.Abst.237	3492	5186	936
SP.Syn.Abst.238	5850	8446	2728
SP.Syn.Abst.239	6356	3721	844
SP.Syn.Abst.240	3998	4276	921
SP.Syn.Abst.241	6495	2987	1488
SP.Syn.Abst.242	3978	3486	791
SP.Syn.Abst.243	3020	2291	537
SP.Syn.Abst.244	1643	7586	1404
SP.Syn.Abst.245	3871	9033	1247
SP.Syn.Abst.246	26735	13175	2079
SP.Syn.Abst.247	3817	3845	1222
SP.Syn.Abst.248	1526	2745	967
SP.Syn.Abst.249	5731	8456	568
SP.Syn.Abst.250	2219	3190	1163
SP.Syn.Abst.251	10114	5778	1316
SP.Syn.Abst.252	4384	9221	1156
SP.Syn.Abst.253	4725	4904	524
SP.Syn.Abst.254	3984	2201	2157
SP.Syn.Abst.255	6965	3622	739
SP.Syn.Abst.256	3042	5231	7769
SP.Syn.Abst.257	3976	3519	923
SP.Syn.Abst.258	3080	3416	1045
SP.Syn.Abst.259	2726	1829	1401
SP.Syn.Abst.260	2275	4731	511
SP.Syn.Abst.261	4476	4578	390
SP.Syn.Abst.262	633	7192	943
SP.Syn.Abst.263	3054	2418	1319
SP.Syn.Abst.264	2953	5929	742
SP.Syn.Abst.265	2860	206	159
SP.Syn.Abst.266	4576	5515	1030
SP.Syn.Abst.267	2575	5837	363
SP.Syn.Abst.268	4068	4760	1267
SP.Syn.Abst.269	3880	2854	732
SP.Syn.Abst.270	6998	6414	820
SP.Syn.Abst.271	2450	4283	646
SP.Syn.Abst.272	2269	2568	458
SP.Syn.Abst.273	3837	4741	662
SP.Syn.Abst.274	3695	3579	186
SP.Syn.Abst.275	4849	3914	2048
SP.Syn.Abst.276	3785	10719	1426
SP.Syn.Abst.277	1579	2163	740
SP.Syn.Abst.278	4767	5653	859
SP.Syn.Abst.279	657	1733	413
SP.Syn.Abst.280	3647	4797	1079
SP.Syn.Abst.281	13078	3046	727
SP.Syn.Abst.282	11375	6171	1944
SP.Syn.Abst.283	3003	2271	710
SP.Syn.Abst.284	1379	2534	1908
SP.Syn.Abst.285	3082	2955	1256
SP.Syn.Abst.286	2484	1713	461
SP.Syn.Abst.287	796	1800	4582
SP.Syn.Abst.288	1631	1577	7256
SP.Syn.Abst.289	214	2498	295
SP.Syn.Abst.290	7107	2990	1004
SP.Syn.Abst.291	452	5240	264
SP.Syn.Abst.292	3368	2315	994
SP.Syn.Abst.293	7558	4480	403
SP.Syn.Abst.294	1709	4461	888
SP.Syn.Abst.295	5621	2135	1018
SP.Syn.Abst.296	3559	2331	187
SP.Syn.Abst.297	6837	6960	3861
SP.Syn.Abst.298	4539	8860	212
SP.Syn.Abst.299	1802	4070	550
SP.Syn.Abst.300	2180	5248	1088
SP.Syn.Abst.301	3090	1931	2314
SP.Syn.Abst.302	4492	6049	717
SP.Syn.Abst.303	7954	4031	600
SP.Syn.Abst.304	7650	2628	3156
SP.Syn.Abst.305	2743	5572	547
SP.Syn.Abst.306	3585	2693	1281
SP.Syn.Abst.307	3122	11334	416
SP.Syn.Abst.308	1925	3843	1057
SP.Syn.Abst.309	5299	5143	573
SP.Syn.Abst.310	1759	2038	592
SP.Syn.Abst.311	10393	1493	4881
SP.Syn.Abst.312	3589	2580	470
SP.Syn.Abst.313	3801	5247	869
SP.Syn.Abst.314	198	1243	4579
SP.Syn.Abst.315	2373	4420	559
SP.Syn.Abst.316	3778	6176	657
SP.Syn.Abst.317	2439	8428	197
SP.Syn.Abst.318	2702	5201	799
SP.Syn.Abst.319	1817	2621	1064
SP.Syn.Abst.320	3266	2707	743
SP.Syn.Abst.321	1649	3251	422
SP.Syn.Abst.322	2396	6468	457
SP.Syn.Abst.323	3889	3975	1754
SP.Syn.Abst.324	2701	5369	711
SP.Syn.Abst.325	2047	2272	498
SP.Syn.Abst.326	5494	1823	9392
SP.Syn.Abst.327	2199	3746	470
SP.Syn.Abst.328	14993	3586	1367
SP.Syn.Abst.329	1729	4205	895
SP.Syn.Abst.330	5280	8848	581
SP.Syn.Abst.331	8895	4718	2220
SP.Syn.Abst.332	5868	5737	1595
SP.Syn.Abst.333	1927	7437	1558
SP.Syn.Abst.334	12290	3121	1284
SP.Syn.Abst.335	1548	1469	353
SP.Syn.Abst.336	3827	8407	413
SP.Syn.Abst.337	5809	4340	1118
SP.Syn.Abst.338	3570	4104	664
SP.Syn.Abst.339	1646	2467	468
SP.Syn.Abst.340	5500	8209	275
SP.Syn.Abst.341	1895	5604	353
SP.Syn.Abst.342	1985	2032	666
SP.Syn.Abst.343	6588	2437	1233
SP.Syn.Abst.344	2406	1741	122
SP.Syn.Abst.345	2586	1750	978
SP.Syn.Abst.346	3576	3129	1227
SP.Syn.Abst.347	1900	4562	1242
SP.Syn.Abst.348	305	3434	376
SP.Syn.Abst.349	2909	11581	1008
SP.Syn.Abst.350	4595	5875	3121
SP.Syn.Abst.351	12597	1056	4286
SP.Syn.Abst.352	7850	4345	956
SP.Syn.Abst.353	15976	5445	2102
SP.Syn.Abst.354	7919	4313	1052
SP.Syn.Abst.355	4911	2059	1213
SP.Syn.Abst.356	553	6410	781
SP.Syn.Abst.357	2022	6084	78
SP.Syn.Abst.358	2421	6185	1756
SP.Syn.Abst.359	7786	2098	1222
SP.Syn.Abst.360	1611	2369	943
SP.Syn.Abst.361	8063	2465	664
SP.Syn.Abst.362	1632	3631	790
SP.Syn.Abst.363	2663	4340	859
SP.Syn.Abst.364	1781	5183	1795
SP.Syn.Abst.365	4081	8893	591
SP.Syn.Abst.366	3688	3197	1425
SP.Syn.Abst.367	7166	8913	1502
SP.Syn.Abst.368	2805	1623	1382
SP.Syn.Abst.369	225	2332	1565
SP.Syn.Abst.370	4376	4460	3391
SP.Syn.Abst.371	9522	4095	1178
SP.Syn.Abst.372	941	2905	564
SP.Syn.Abst.373	3741	2876	602
SP.Syn.Abst.374	3591	3914	2298
SP.Syn.Abst.375	4119	3425	842
SP.Syn.Abst.376	5901	3007	657
SP.Syn.Abst.377	1797	6607	1231
SP.Syn.Abst.378	4424	3353	1437
SP.Syn.Abst.379	9801	5712	1383
SP.Syn.Abst.380	8763	4337	3599
SP.Syn.Abst.381	3890	3410	929
SP.Syn.Abst.382	3464	2786	838
SP.Syn.Abst.383	2851	2060	846
SP.Syn.Abst.384	5248	4888	542
SP.Syn.Abst.385	7475	6389	801
SP.Syn.Abst.386	5393	6478	1491
SP.Syn.Abst.387	12878	6112	6196
SP.Syn.Abst.388	7995	7342	2300
SP.Syn.Abst.389	2524	3676	123
SP.Syn.Abst.390	2004	3068	101
SP.Syn.Abst.391	1758	5056	828
SP.Syn.Abst.392	7109	7129	740
SP.Syn.Abst.393	2015	1887	588
SP.Syn.Abst.394	4279	2955	1602
SP.Syn.Abst.395	537	5495	3755
SP.Syn.Abst.396	2030	2323	1334
SP.Syn.Abst.397	3246	2328	739
SP.Syn.Abst.398	2772	4145	946
SP.Syn.Abst.399	4162	6317	1277
SP.Syn.Abst.400	16695	6147	1274
SP.Syn.Abst.401	5087	2190	685
SP.Syn.Abst.402	6569	2987	359
SP.Syn.Abst.403	4793	9942	1188
SP.Syn.Abst.404	5251	8221	3969
SP.Syn.Abst.405	3765	2148	1263
SP.Syn.Abst.406	3490	5246	1456
SP.Syn.Abst.407	8470	4772	1217
SP.Syn.Abst.408	5007	5856	708
SP.Syn.Abst.409	4222	1995	224
SP.Syn.Abst.410	2346	4541	1871
SP.Syn.Abst.411	5608	6171	1070
SP.Syn.Abst.412	2906	4883	544
SP.Syn.Abst.413	4655	4809	785
SP.Syn.Abst.414	396	4444	475
SP.Syn.Abst.415	3122	3357	725
SP.Syn.Abst.416	2277	1325	1256
SP.Syn.Abst.417	3741	4375	1741
SP.Syn.Abst.418	3356	1577	5015
SP.Syn.Abst.419	6369	4830	1627
SP.Syn.Abst.420	4402	7310	1205
SP.Syn.Abst.421	2905	2236	5571
SP.Syn.Abst.422	3746	8743	677
SP.Syn.Abst.423	3685	3809	481
SP.Syn.Abst.424	1705	5249	1213
SP.Syn.Abst.425	2840	3140	1301
SP.Syn.Abst.426	3412	3158	1119
SP.Syn.Abst.427	290	3467	0
SP.Syn.Abst.428	13028	10112	772
SP.Syn.Abst.429	2017	4107	1063
SP.Syn.Abst.430	252	2553	1564
SP.Syn.Abst.431	1298	1129	2897
SP.Syn.Abst.432	319	3498	1045
SP.Syn.Abst.433	6712	4307	1017
SP.Syn.Abst.434	2108	3740	2181
SP.Syn.Abst.435	3562	2956	1036
SP.Syn.Abst.436	6940	7678	2719
SP.Syn.Abst.437	2334	2583	793
SP.Syn.Abst.438	3145	3924	3729
SP.Syn.Abst.439	368	4004	1100
SP.Syn.Abst.440	2536	2281	1161
SP.Syn.Abst.441	3318	5415	1222
SP.Syn.Abst.442	1718	3940	602
SP.Syn.Abst.443	5380	4040	1196
SP.Syn.Abst.444	2086	4450	484
SP.Syn.Abst.445	5012	7097	1004
SP.Syn.Abst.446	3529	3690	1158
SP.Syn.Abst.447	1893	5086	207
SP.Syn.Abst.448	2563	1776	2502
SP.Syn.Abst.449	7630	2016	1303
SP.Syn.Abst.450	4056	4545	474
SP.Syn.Abst.451	5030	3969	558
SP.Syn.Abst.452	2677	5562	771
SP.Syn.Abst.453	5437	3537	662
SP.Syn.Abst.454	8473	2100	467
SP.Syn.Abst.455	2516	7246	566
SP.Syn.Abst.456	6289	3786	752
SP.Syn.Abst.457	4761	2094	4019
SP.Syn.Abst.458	4125	2999	529
SP.Syn.Abst.459	4071	2839	2261
SP.Syn.Abst.460	4337	3674	609
SP.Syn.Abst.461	4148	3778	602
SP.Syn.Abst.462	6443	2108	3796
SP.Syn.Abst.463	2729	3199	1523
SP.Syn.Abst.464	1369	3545	1315
SP.Syn.Abst.465	3917	4563	759
SP.Syn.Abst.466	6818	5497	662
SP.Syn.Abst.467	4006	5575	1406
SP.Syn.Abst.468	5845	1439	892
SP.Syn.Abst.469	203	2449	0
SP.Syn.Abst.470	10262	8305	825
SP.Syn.Abst.471	5502	2480	2235
SP.Syn.Abst.472	10664	4413	1383
SP.Syn.Abst.473	2237	8023	2085
SP.Syn.Abst.474	3560	5102	1003
SP.Syn.Abst.475	4760	4073	252
SP.Syn.Abst.476	5741	5748	1500
SP.Syn.Abst.477	5611	3431	1388
SP.Syn.Abst.478	5670	4752	546
SP.Syn.Abst.479	3714	1821	956
SP.Syn.Abst.480	5414	1764	2254
SP.Syn.Abst.481	3347	3829	1172
SP.Syn.Abst.482	2534	7188	1243
SP.Syn.Abst.483	11583	13067	3022
SP.Syn.Abst.484	6041	3206	1734
SP.Syn.Abst.485	1605	2622	2019
SP.Syn.Abst.486	8299	5374	902
SP.Syn.Abst.487	221	2418	1043
SP.Syn.Abst.488	1274	1262	1232
SP.Syn.Abst.489	6458	4800	435
SP.Syn.Abst.490	1031	3637	39
SP.Syn.Abst.491	3025	1256	1738
SP.Syn.Abst.492	5156	1178	734
SP.Syn.Abst.493	3309	3902	1133
SP.Syn.Abst.494	1903	3488	609
SP.Syn.Abst.495	1958	2333	4801
SP.Syn.Abst.496	2569	3017	231
SP.Syn.Abst.497	3027	4502	146
SP.Syn.Abst.498	2433	7572	513
SP.Syn.Abst.499	6361	4881	1144
SP.Syn.Abst.500	4933	6027	5594
SP.Syn.Abst.501	2566	4188	2466
SP.Syn.Abst.502	5298	2340	1145
SP.Syn.Abst.503	1833	951	1906
SP.Syn.Abst.504	2200	4361	1834
SP.Syn.Abst.505	3345	6381	805
SP.Syn.Abst.506	7398	5558	687
SP.Syn.Abst.507	2684	1904	820
SP.Syn.Abst.508	7808	3973	1661
SP.Syn.Abst.509	212	1502	4262
SP.Syn.Abst.510	5266	3958	2047
SP.Syn.Abst.511	4062	5789	887
SP.Syn.Abst.512	4574	4235	1759
SP.Syn.Abst.513	5712	2849	308
SP.Syn.Abst.514	3083	3706	860
SP.Syn.Abst.515	11881	4245	1498
SP.Syn.Abst.516	3910	3233	2118
SP.Syn.Abst.517	601	6932	888
SP.Syn.Abst.518	382	4043	1595
SP.Syn.Abst.519	5118	4104	1283
SP.Syn.Abst.520	4512	2931	1826
SP.Syn.Abst.521	155	1733	393
SP.Syn.Abst.522	12788	4900	1335
SP.Syn.Abst.523	1935	2184	1699
SP.Syn.Abst.524	1079	1148	1393
SP.Syn.Abst.525	5883	4966	782
SP.Syn.Abst.526	5102	1783	2024
SP.Syn.Abst.527	3047	8339	1523
SP.Syn.Abst.528	7359	5974	591
SP.Syn.Abst.529	3389	3452	1135
SP.Syn.Abst.530	5084	2827	918
SP.Syn.Abst.531	111	1382	0
SP.Syn.Abst.532	3096	3539	324
SP.Syn.Abst.533	4137	4244	2764
SP.Syn.Abst.534	2182	1921	2574
SP.Syn.Abst.535	3262	7283	1859
SP.Syn.Abst.536	2447	3644	684
SP.Syn.Abst.537	4088	1637	3577
SP.Syn.Abst.538	2997	4657	1302
SP.Syn.Abst.539	7538	5322	979
SP.Syn.Abst.540	10044	5038	1299
SP.Syn.Abst.541	3456	3740	633
SP.Syn.Abst.542	5183	1609	923
SP.Syn.Abst.543	5998	7542	1471
SP.Syn.Abst.544	2903	3819	830
SP.Syn.Abst.545	2360	4861	1340
SP.Syn.Abst.546	5373	3190	3038
SP.Syn.Abst.547	5189	2360	1033
SP.Syn.Abst.548	2692	2059	845
SP.Syn.Abst.549	1335	4773	1617
SP.Syn.Abst.550	2854	2204	326
SP.Syn.Abst.551	2485	2850	3751
SP.Syn.Abst.552	2925	8216	876
SP.Syn.Abst.553	1971	3045	1018
SP.Syn.Abst.554	1177	791	1515
SP.Syn.Abst.555	3343	4412	820
SP.Syn.Abst.556	257	2771	1171
SP.Syn.Abst.557	3516	5588	2555
SP.Syn.Abst.558	2652	4223	2284
SP.Syn.Abst.559	7043	3797	923
SP.Syn.Abst.560	5011	2470	886
SP.Syn.Abst.561	3469	5782	441
SP.Syn.Abst.562	3259	5104	1550
SP.Syn.Abst.563	7216	3833	1128
SP.Syn.Abst.564	13641	4861	1258
SP.Syn.Abst.565	3724	10667	437
SP.Syn.Abst.566	6520	9789	1959
SP.Syn.Abst.567	3237	2285	1744
SP.Syn.Abst.568	4410	3662	579
SP.Syn.Abst.569	3013	3887	275
SP.Syn.Abst.570	6366	3052	341
SP.Syn.Abst.571	2647	8737	442
SP.Syn.Abst.572	2560	8677	1138
SP.Syn.Abst.573	2937	1705	725
SP.Syn.Abst.574	1547	2968	774
SP.Syn.Abst.575	2581	7607	820
SP.Syn.Abst.576	4904	6711	514
SP.Syn.Abst.577	4368	4668	960
SP.Syn.Abst.578	4853	3994	806
SP.Syn.Abst.579	4666	1846	1506
SP.Syn.Abst.580	3838	6381	1762
SP.Syn.Abst.581	2383	2556	827
SP.Syn.Abst.582	4883	2299	800
SP.Syn.Abst.583	2111	1945	1255
SP.Syn.Abst.584	2017	6230	84
SP.Syn.Abst.585	6216	3850	1855
SP.Syn.Abst.586	2121	1754	5824
SP.Syn.Abst.587	3469	4638	651
SP.Syn.Abst.588	4506	3217	931
SP.Syn.Abst.589	3886	3876	1812
SP.Syn.Abst.590	2135	2695	2931
SP.Syn.Abst.591	1729	1477	956
SP.Syn.Abst.592	18153	7390	3156
SP.Syn.Abst.593	2707	2520	471
SP.Syn.Abst.594	6369	3066	1515
SP.Syn.Abst.595	3425	3368	1193
SP.Syn.Abst.596	4015	3975	612
SP.Syn.Abst.597	1937	1325	1515
SP.Syn.Abst.598	6381	3395	781
SP.Syn.Abst.599	1881	2928	1438
SP.Syn.Abst.600	1740	2105	745
SP.Syn.Abst.601	3074	5030	914
SP.Syn.Abst.602	4573	5735	2768
SP.Syn.Abst.603	4624	2063	2423
SP.Syn.Abst.604	221	2362	1040
SP.Syn.Abst.605	2742	1503	824
SP.Syn.Abst.606	6224	5679	598
SP.Syn.Abst.607	5186	6421	1666
SP.Syn.Abst.608	3154	2119	495
SP.Syn.Abst.609	4791	3264	772
SP.Syn.Abst.610	2140	5353	973
SP.Syn.Abst.611	8149	3547	1382
SP.Syn.Abst.612	1904	4749	2049
SP.Syn.Abst.613	4751	2041	1644
SP.Syn.Abst.614	361	4207	135
SP.Syn.Abst.615	3685	5158	1583
SP.Syn.Abst.616	1529	3095	721
SP.Syn.Abst.617	2002	2247	1721
SP.Syn.Abst.618	12347	2635	1233
SP.Syn.Abst.619	6825	7617	1881
SP.Syn.Abst.620	3280	5264	1504
SP.Syn.Abst.621	2615	6102	1731
SP.Syn.Abst.622	2838	4663	772
SP.Syn.Abst.623	5213	5474	1024
SP.Syn.Abst.624	8843	4432	1845
SP.Syn.Abst.625	397	4434	1103
SP.Syn.Abst.626	3447	4297	486
SP.Syn.Abst.627	2531	1087	1439
SP.Syn.Abst.628	2268	1902	2761
SP.Syn.Abst.629	3222	2592	2199
SP.Syn.Abst.630	2710	3281	662
SP.Syn.Abst.631	7848	4281	762
SP.Syn.Abst.632	331	3751	406
SP.Syn.Abst.633	11952	5564	819
SP.Syn.Abst.634	4722	6886	1329
SP.Syn.Abst.635	4854	1695	266
SP.Syn.Abst.636	3052	3080	1587
SP.Syn.Abst.637	2351	4069	1513
SP.Syn.Abst.638	5809	4258	596
SP.Syn.Abst.639	9806	4543	1355
SP.Syn.Abst.640	5415	4049	1072
SP.Syn.Abst.641	1040	1660	1572
SP.Syn.Abst.642	2603	107	640
SP.Syn.Abst.643	6398	3308	3793
SP.Syn.Abst.644	3896	2706	205
SP.Syn.Abst.645	1522	2083	1735
SP.Syn.Abst.646	3308	149	707
SP.Syn.Abst.647	4922	5144	923
SP.Syn.Abst.648	5005	5218	830
SP.Syn.Abst.649	2483	3185	1386
SP.Syn.Abst.650	3440	2939	439
SP.Syn.Abst.651	2927	4419	1694
SP.Syn.Abst.652	5070	4503	920
SP.Syn.Abst.653	2466	2819	724
SP.Syn.Abst.654	6760	1725	763
SP.Syn.Abst.655	3085	4599	1025
SP.Syn.Abst.656	7367	2090	886
SP.Syn.Abst.657	2006	1733	852
SP.Syn.Abst.658	10668	6038	1222
SP.Syn.Abst.659	3626	1492	1270
SP.Syn.Abst.660	1934	2970	1552
SP.Syn.Abst.661	2660	5266	962
SP.Syn.Abst.662	9639	2821	659
SP.Syn.Abst.663	3368	4074	2137
SP.Syn.Abst.664	2452	3528	850
SP.Syn.Abst.665	2251	4241	514
SP.Syn.Abst.666	2359	2955	339
SP.Syn.Abst.667	6237	2589	2826
SP.Syn.Abst.668	1134	2320	341
SP.Syn.Abst.669	7969	5908	722
SP.Syn.Abst.670	5925	1733	1181
SP.Syn.Abst.671	4086	2357	1077
SP.Syn.Abst.672	12442	4118	1220
SP.Syn.Abst.673	5615	3757	602
SP.Syn.Abst.674	5521	2235	719
SP.Syn.Abst.675	4904	3961	642
SP.Syn.Abst.676	1462	3446	1138
SP.Syn.Abst.677	4147	5493	1490
SP.Syn.Abst.678	5769	8969	294
SP.Syn.Abst.679	3795	5232	1199
SP.Syn.Abst.680	4391	3881	1254
SP.Syn.Abst.681	3093	4740	698
SP.Syn.Abst.682	2346	5043	568
SP.Syn.Abst.683	2789	3159	491
SP.Syn.Abst.684	3311	3643	170
SP.Syn.Abst.685	4088	1705	893
SP.Syn.Abst.686	4469	9423	623
SP.Syn.Abst.687	4837	4012	2149
SP.Syn.Abst.688	2692	4968	1681
SP.Syn.Abst.689	4451	5102	6810
SP.Syn.Abst.690	5216	4114	707
SP.Syn.Abst.691	11924	4092	1822
SP.Syn.Abst.692	3759	2897	201
SP.Syn.Abst.693	1629	3027	208
SP.Syn.Abst.694	7079	2996	4187
SP.Syn.Abst.695	6983	6617	477
SP.Syn.Abst.696	5705	11607	2642
SP.Syn.Abst.697	12545	2105	1414
SP.Syn.Abst.698	9502	5550	844
SP.Syn.Abst.699	4657	6326	1140
SP.Syn.Abst.700	2479	2664	522
SP.Syn.Abst.701	5401	3688	1257
SP.Syn.Abst.702	2722	1943	1291
SP.Syn.Abst.703	3947	2142	705
SP.Syn.Abst.704	1795	7285	1509
SP.Syn.Abst.705	1536	2371	2274
SP.Syn.Abst.706	1835	4280	921
SP.Syn.Abst.707	1534	2862	1753
SP.Syn.Abst.708	1432	3128	626
SP.Syn.Abst.709	4708	8915	5211
SP.Syn.Abst.710	7885	1665	1499
SP.Syn.Abst.711	5015	3302	1133
SP.Syn.Abst.712	4114	4209	476
SP.Syn.Abst.713	4473	3115	2353
SP.Syn.Abst.714	1150	1410	2381
SP.Syn.Abst.715	3329	5604	2005
SP.Syn.Abst.716	4722	5835	1152
SP.Syn.Abst.717	6058	3809	3191
SP.Syn.Abst.718	10518	2684	1228
SP.Syn.Abst.719	2674	2568	431
SP.Syn.Abst.720	1974	3752	2003
SP.Syn.Abst.721	2699	4463	1206
SP.Syn.Abst.722	3829	4657	197
SP.Syn.Abst.723	5910	5000	908
SP.Syn.Abst.724	6258	4436	825
SP.Syn.Abst.725	4825	5770	1274
SP.Syn.Abst.726	3263	2837	1707
SP.Syn.Abst.727	2680	2911	406
SP.Syn.Abst.728	4337	4884	870
SP.Syn.Abst.729	19923	4021	1767
SP.Syn.Abst.730	2200	2833	503
SP.Syn.Abst.731	2003	5331	1077
SP.Syn.Abst.732	3004	3111	466
SP.Syn.Abst.733	1981	2887	911
SP.Syn.Abst.734	1675	7927	380
SP.Syn.Abst.735	1084	1753	1715
SP.Syn.Abst.736	8830	3557	1449
SP.Syn.Abst.737	4472	4200	1122
SP.Syn.Abst.738	3550	2562	1242
SP.Syn.Abst.739	7165	3822	3820
SP.Syn.Abst.740	2865	5745	2206
SP.Syn.Abst.741	2662	3233	474
SP.Syn.Abst.742	4447	1195	1654
SP.Syn.Abst.743	6121	4092	1217
SP.Syn.Abst.744	5044	8288	2191
SP.Syn.Abst.745	2944	4805	2879
SP.Syn.Abst.746	4261	10047	466
SP.Syn.Abst.747	3363	5106	166
SP.Syn.Abst.748	3230	4627	997
SP.Syn.Abst.749	3125	43	1244
SP.Syn.Abst.750	2018	4561	1264
SP.Syn.Abst.751	3214	1424	2597
SP.Syn.Abst.752	2223	2373	906
SP.Syn.Abst.753	3936	2456	657
SP.Syn.Abst.754	11111	3662	981
SP.Syn.Abst.755	2892	6829	1150
SP.Syn.Abst.756	4470	4730	1624
SP.Syn.Abst.757	2395	1927	616
SP.Syn.Abst.758	1628	4256	1389
SP.Syn.Abst.759	5605	3696	2455
SP.Syn.Abst.760	187	1878	711
SP.Syn.Abst.761	9597	4834	518
SP.Syn.Abst.762	11138	4349	738
SP.Syn.Abst.763	5943	5488	1405
SP.Syn.Abst.764	218	2528	181
SP.Syn.Abst.765	4229	5658	988
SP.Syn.Abst.766	2754	4429	1079
SP.Syn.Abst.767	1218	907	3826
SP.Syn.Abst.768	2555	4576	2539
SP.Syn.Abst.769	3360	4156	425
SP.Syn.Abst.770	1936	5512	1219
SP.Syn.Abst.771	6174	10903	666
SP.Syn.Abst.772	1912	3859	661
SP.Syn.Abst.773	5560	4485	2129
SP.Syn.Abst.774	2797	3272	1742
SP.Syn.Abst.775	2979	6979	130
SP.Syn.Abst.776	3057	3222	888
SP.Syn.Abst.777	2727	1626	460
SP.Syn.Abst.778	7331	3922	749
SP.Syn.Abst.779	3020	2542	802
SP.Syn.Abst.780	7041	3917	996
SP.Syn.Abst.781	4663	13705	9260
SP.Syn.Abst.782	938	2138	3078
SP.Syn.Abst.783	10757	2109	2382
SP.Syn.Abst.784	3058	5331	1231
SP.Syn.Abst.785	2391	9201	749
SP.Syn.Abst.786	6253	3088	1306
SP.Syn.Abst.787	1762	4796	319
SP.Syn.Abst.788	8658	3163	1281
SP.Syn.Abst.789	7082	9256	592
SP.Syn.Abst.790	222	2020	2358
SP.Syn.Abst.791	5703	3652	1701
SP.Syn.Abst.792	6058	2722	721
SP.Syn.Abst.793	3158	11630	1092
SP.Syn.Abst.794	8988	3088	792
SP.Syn.Abst.795	6067	4970	2829
SP.Syn.Abst.796	8528	5514	2426
SP.Syn.Abst.797	2764	2322	895
SP.Syn.Abst.798	3660	2880	5747
SP.Syn.Abst.799	405	4594	697
SP.Syn.Abst.800	2855	7017	1373
SP.Syn.Abst.801	3742	1385	680
SP.Syn.Abst.802	2941	4080	621
SP.Syn.Abst.803	3372	3753	975
SP.Syn.Abst.804	4542	2422	811
SP.Syn.Abst.805	2602	4023	473
SP.Syn.Abst.806	5964	8901	1062
SP.Syn.Abst.807	5996	2417	1617
SP.Syn.Abst.808	2589	2773	437
SP.Syn.Abst.809	6420	2768	828
SP.Syn.Abst.810	7067	2672	2549
SP.Syn.Abst.811	5749	4038	892
SP.Syn.Abst.812	2603	2145	1317
SP.Syn.Abst.813	8494	2320	1386
SP.Syn.Abst.814	4666	3748	578
SP.Syn.Abst.815	5744	4796	1512
SP.Syn.Abst.816	5879	2166	1051
SP.Syn.Abst.817	5566	4261	471
SP.Syn.Abst.818	3924	1211	1275
SP.Syn.Abst.819	7733	4544	894
SP.Syn.Abst.820	6285	3400	3713
SP.Syn.Abst.821	1927	5572	866
SP.Syn.Abst.822	2719	8093	889
SP.Syn.Abst.823	3504	1497	335
SP.Syn.Abst.824	5319	4989	590
SP.Syn.Abst.825	3177	2514	734
SP.Syn.Abst.826	3275	3464	2213
SP.Syn.Abst.827	8181	3017	777
SP.Syn.Abst.828	2589	2642	1618
SP.Syn.Abst.829	5733	4075	1648
SP.Syn.Abst.830	2398	4091	692
SP.Syn.Abst.831	2735	4906	973
SP.Syn.Abst.832	8903	5366	6193
SP.Syn.Abst.833	5141	4513	1079
SP.Syn.Abst.834	4463	11507	1253
SP.Syn.Abst.835	3485	9387	1090
SP.Syn.Abst.836	2416	1558	1373
SP.Syn.Abst.837	7240	3326	389
SP.Syn.Abst.838	4428	2287	716
SP.Syn.Abst.839	11582	3782	1347
SP.Syn.Abst.840	4270	6871	1134
SP.Syn.Abst.841	2002	4496	1856
SP.Syn.Abst.842	3817	2338	1254
SP.Syn.Abst.843	5116	11536	1476
SP.Syn.Abst.844	1190	5143	809
SP.Syn.Abst.845	2776	2798	147
SP.Syn.Abst.846	3283	4248	3025
SP.Syn.Abst.847	4456	6639	362
SP.Syn.Abst.848	3922	1876	574
SP.Syn.Abst.849	3668	3907	189
SP.Syn.Abst.850	2032	1049	876
SP.Syn.Abst.851	1771	3564	1470
SP.Syn.Abst.852	5854	9603	1634
SP.Syn.Abst.853	5042	2774	544
SP.Syn.Abst.854	8179	2222	4290
SP.Syn.Abst.855	8431	5320	449
SP.Syn.Abst.856	4871	6123	326
SP.Syn.Abst.857	2384	5700	4387
SP.Syn.Abst.858	1395	2767	1161
SP.Syn.Abst.859	3321	3267	4520
SP.Syn.Abst.860	2468	5118	3333
SP.Syn.Abst.861	5308	5015	1404
SP.Syn.Abst.862	1580	3875	452
SP.Syn.Abst.863	428	4917	687
SP.Syn.Abst.864	312	3351	846
SP.Syn.Abst.865	2363	1597	1358
SP.Syn.Abst.866	5227	2996	578
SP.Syn.Abst.867	2045	5985	794
SP.Syn.Abst.868	4749	1867	739
SP.Syn.Abst.869	9231	3326	2739
SP.Syn.Abst.870	1705	1356	326
SP.Syn.Abst.871	8543	2587	1050
SP.Syn.Abst.872	2890	2496	773
SP.Syn.Abst.873	2687	2264	978
SP.Syn.Abst.874	6517	3538	682
SP.Syn.Abst.875	5508	2057	753
SP.Syn.Abst.876	4784	3192	1313
SP.Syn.Abst.877	2073	2612	395
SP.Syn.Abst.878	12273	4294	1383
SP.Syn.Abst.879	6454	1624	2071
SP.Syn.Abst.880	2431	5267	2337
SP.Syn.Abst.881	2261	1814	1331
SP.Syn.Abst.882	2012	4252	2460
SP.Syn.Abst.883	12915	4789	1702
SP.Syn.Abst.884	5297	3327	1229
SP.Syn.Abst.885	3712	9230	1030
SP.Syn.Abst.886	11704	3401	2577
SP.Syn.Abst.887	3288	4319	639
SP.Syn.Abst.888	9803	3927	1460
SP.Syn.Abst.889	2653	2811	1206
SP.Syn.Abst.890	3055	3900	460
SP.Syn.Abst.891	10554	4328	1096
SP.Syn.Abst.892	2994	3068	664
SP.Syn.Abst.893	3057	6612	139
SP.Syn.Abst.894	1964	2041	286
SP.Syn.Abst.895	2561	2545	912
SP.Syn.Abst.896	5793	6589	983
SP.Syn.Abst.897	10532	5275	975
SP.Syn.Abst.898	131	1095	1350
SP.Syn.Abst.899	3242	5201	424
SP.Syn.Abst.900	4380	1379	734
SP.Syn.Abst.901	1541	2915	1916
SP.Syn.Abst.902	2798	3840	371
SP.Syn.Abst.903	4395	2110	2145
SP.Syn.Abst.904	2153	5277	2330
SP.Syn.Abst.905	2763	2865	650
SP.Syn.Abst.906	5823	10059	551
SP.Syn.Abst.907	2187	2869	1369
SP.Syn.Abst.908	3051	5925	2239
SP.Syn.Abst.909	6951	4380	521
SP.Syn.Abst.910	1912	4690	1292
SP.Syn.Abst.911	1583	3444	328
SP.Syn.Abst.912	12242	4109	5526
SP.Syn.Abst.913	621	6638	2601
SP.Syn.Abst.914	3855	3972	584
SP.Syn.Abst.915	2486	7208	845
SP.Syn.Abst.916	7821	5668	637
SP.Syn.Abst.917	1728	4110	722
SP.Syn.Abst.918	4083	3195	1341
SP.Syn.Abst.919	2317	6315	1577
SP.Syn.Abst.920	3554	2187	198
SP.Syn.Abst.921	7380	3223	959
SP.Syn.Abst.922	4204	3445	1820
SP.Syn.Abst.923	4161	2302	2799
SP.Syn.Abst.924	484	5584	786
SP.Syn.Abst.925	3032	3908	488
SP.Syn.Abst.926	5749	6829	293
SP.Syn.Abst.927	7712	9072	815
SP.Syn.Abst.928	13321	6356	1214
SP.Syn.Abst.929	1948	2240	1053
SP.Syn.Abst.930	3207	13884	3329
SP.Syn.Abst.931	2430	2098	1926
SP.Syn.Abst.932	5738	5421	745
SP.Syn.Abst.933	5573	3899	740
SP.Syn.Abst.934	3306	9323	405
SP.Syn.Abst.935	2890	1797	1128
SP.Syn.Abst.936	12008	5518	1308
SP.Syn.Abst.937	3419	3144	596
SP.Syn.Abst.938	3398	3156	830
SP.Syn.Abst.939	2782	2938	925
SP.Syn.Abst.940	4961	4114	1010
SP.Syn.Abst.941	6804	2423	1315
SP.Syn.Abst.942	291	3201	950
SP.Syn.Abst.943	4599	2130	1135
SP.Syn.Abst.944	3618	4005	822
SP.Syn.Abst.945	2099	3620	933
SP.Syn.Abst.946	1969	2355	989
SP.Syn.Abst.947	1249	1551	1066
SP.Syn.Abst.948	11473	2034	2335
SP.Syn.Abst.949	296	3084	1634
SP.Syn.Abst.950	1288	3863	591
SP.Syn.Abst.951	2089	5024	1450
SP.Syn.Abst.952	5954	3687	1033
SP.Syn.Abst.953	7421	1744	1550
SP.Syn.Abst.954	4041	3293	204
SP.Syn.Abst.955	2957	4735	544
SP.Syn.Abst.956	5107	4639	2064
SP.Syn.Abst.957	3035	6767	1906
SP.Syn.Abst.958	3011	1561	1202
SP.Syn.Abst.959	5333	3020	1833
SP.Syn.Abst.960	2377	1669	565
SP.Syn.Abst.961	11688	4746	1703
SP.Syn.Abst.962	523	5904	825
SP.Syn.Abst.963	9107	2130	2807
SP.Syn.Abst.964	4458	11237	1615
SP.Syn.Abst.965	6988	7786	852
SP.Syn.Abst.966	6109	2287	502
SP.Syn.Abst.967	3903	8193	453
SP.Syn.Abst.968	2493	2777	1443
SP.Syn.Abst.969	4321	5215	1371
SP.Syn.Abst.970	2063	3260	3305
SP.Syn.Abst.971	6779	7359	1907
SP.Syn.Abst.972	221	2342	875
SP.Syn.Abst.973	4138	6144	2269
SP.Syn.Abst.974	2986	2573	767
SP.Syn.Abst.975	2366	1875	938
SP.Syn.Abst.976	2403	6077	3146
SP.Syn.Abst.977	5517	3833	549
SP.Syn.Abst.978	3712	2979	1775
SP.Syn.Abst.979	4445	10053	1788
SP.Syn.Abst.980	6205	3281	740
SP.Syn.Abst.981	3207	3085	1965
SP.Syn.Abst.982	7061	1736	754
SP.Syn.Abst.983	8332	3735	876
SP.Syn.Abst.984	4720	2869	1291
SP.Syn.Abst.985	7100	6201	675
SP.Syn.Abst.986	2799	5264	782
SP.Syn.Abst.987	6785	6117	1010
SP.Syn.Abst.988	5123	3110	1494
SP.Syn.Abst.989	3540	210	445
SP.Syn.Abst.990	6993	4327	1579
SP.Syn.Abst.991	3612	3970	1611
SP.Syn.Abst.992	2428	1923	841
SP.Syn.Abst.993	2281	4587	1611
SP.Syn.Abst.994	4735	4784	1178
SP.Syn.Abst.995	3305	3598	612
SP.Syn.Abst.996	4930	6106	937
SP.Syn.Abst.997	3130	2788	1397
SP.Syn.Abst.998	2282	3925	907
SP.Syn.Abst.999	2629	1923	2902
SP.Syn.Abst.1000	7373	2133	831
